=== 激进程度分类结果统计报告 ===

总数据点: 10502719

策略分布:
  激进: 3320164 点 (31.6%)
  稳健: 5093115 点 (48.5%)
  保守: 2089440 点 (19.9%)

核心分类特征:
                  PeDI                 R_it_timestamped                 D'_it_timestamped                   
                  mean  median     std             mean  median     std              mean  median        std
strategy_label                                                                                              
保守             -0.7145 -1.0000  0.4517           0.0000  0.0000  0.0000           -0.9869 -1.0000     0.1136
激进              0.5441  0.2974  1.9790           0.3906  0.4120  0.1865            1.0916  0.2781   886.8412
稳健             -0.0661 -0.2356  1.8987           0.1746  0.1242  0.2029            2.8927 -0.1437  2114.6135

辅助分析特征:
               weighted_avg_bid                   bid_price_std                     capacity_utilization                 clearing_price                   
                           mean  median       std          mean    median       std                 mean  median     std           mean    median      std
strategy_label                                                                                                                                            
保守                       0.0000    0.00    0.0000        0.0000    0.0000    0.0000               0.8629  1.0000  0.3409       342.4896  345.7366  92.1021
激进                     774.0246  791.00  135.6247        0.0000    0.0000    0.0000               0.4245  0.4130  0.1688       339.0940  344.4077  96.3241
稳健                     403.9351  388.75  150.6133      214.7426  197.3575  115.5631               0.5668  0.5455  0.2868       346.9946  348.0997  88.3046

各时段策略分布:
strategy_label     保守      激进      稳健
hour_of_day                          
0               87060  138349  212272
1               87060  138360  212309
2               87060  138350  212260
3               87060  138300  212049
4               87060  138254  211882
5               87060  138240  211826
6               87060  138311  212105
7               87060  138334  212197
8               87060  138352  212276
9               87060  138348  212234
10              87060  138348  212250
11              87060  138354  212270
12              87060  138304  211947
13              87060  138329  212089
14              87060  138350  212238
15              87060  138352  212257
16              87060  138360  212324
17              87060  138369  212348
18              87060  138372  212364
19              87060  138372  212372
20              87060  138372  212352
21              87060  138372  212340
22              87060  138370  212341
23              87060  138342  212213

峰时vs平时策略分布:
strategy_label       保守       激进       稳健
is_peak_hour                             
0               1392960  2213274  3394657
1                696480  1106890  1698458